 25 ,-1 
 8.027333339 , 37.78278913 , 1 
 24.08333334 , 35.17648103 , 1 
 39.88333333 , 33.82941815 , 1 
 54.08333334 , 32.13082151 , 1 
 69.08333334 , 31.41192914 , 1 
 84.08333333 , 30.29146264 , 1 
 99.08333334 , 28.37687891 , 1 
 114.0833333 , 27.80378286 , 1 
 129.8657333 , 27.95500256 , 1 
 144.0833333 , 27.36360748 , 1 
 159.0833333 , 26.84443472 , 1 
 174.0833333 , 26.1984782 , 1 
 189.0833333 , 25.76500615 , 1 
 204.0833333 , 25.34487524 , 1 
 219.0833333 , 25.03231766 , 1 
 240 , 25.65628475 , 1 
 255 , 25.17311038 , 1 
 270 , 24.90697412 , 1 
 285 , 24.93832715 , 1 
 300 , 23.62764352 , 1 
 315 , 24.48259284 , 1 
 330 , 24.59281672 , 1 
 345 , 24.43531148 , 1 
 360 , 23.61173395 , 1 
 375 , 24.4037764 , 1 
