 26 ,-1 
 0 , 41.68644303 , 1 
 8.027333339 , 39.7345194 , 1 
 24.08333334 , 37.15144363 , 1 
 39.88333333 , 35.369107 , 1 
 54.08333334 , 33.98330515 , 1 
 69.08333334 , 32.68693447 , 1 
 84.08333333 , 30.48178775 , 1 
 99.08333334 , 30.61327448 , 1 
 114.0833333 , 29.56980477 , 1 
 129.8657333 , 28.85625333 , 1 
 144.0833333 , 28.166224 , 1 
 159.0833333 , 27.33316069 , 1 
 174.0833333 , 26.92099388 , 1 
 189.0833333 , 26.49132937 , 1 
 204.0833333 , 26.09032245 , 1 
 219.0833333 , 25.4228354 , 1 
 240 , 26.07486007 , 1 
 255 , 25.6407416 , 1 
 270 , 25.53185896 , 1 
 285 , 25.26684331 , 1 
 300 , 25.20436615 , 1 
 315 , 24.98533526 , 1 
 330 , 24.78144789 , 1 
 345 , 24.68718352 , 1 
 360 , 24.52984868 , 1 
 375 , 24.38800461 , 1 
