 25 ,-1 
 8.027 , 4988.8248 , 1 
 24.083 , 5116.9093 , 1 
 39.883 , 5181.5205 , 1 
 54.083 , 5261.592 , 1 
 69.083 , 5295.0334 , 1 
 84.083 , 5346.6448 , 1 
 99.083 , 5433.4374 , 1 
 114.083 , 5459.0809 , 1 
 129.866 , 5452.3294 , 1 
 144.083 , 5478.6725 , 1 
 159.083 , 5501.6643 , 1 
 174.083 , 5530.0956 , 1 
 189.083 , 5549.0658 , 1 
 204.083 , 5567.3686 , 1 
 219.083 , 5580.9316 , 1 
 240 , 5536.1919 , 1 
 255 , 5553.8101 , 1 
 270 , 5574.8278 , 1 
 285 , 5586.3579 , 1 
 300 , 5585.0013 , 1 
 315 , 5641.3205 , 1 
 330 , 5604.6754 , 1 
 345 , 5599.9259 , 1 
 360 , 5606.711 , 1 
 375 , 5641.9991 , 1 
