 26 ,-1 
 0 , 4788.0095 , 1 
 8.027 , 4889.911 , 1 
 24.083 , 5020.2484 , 1 
 39.883 , 5107.5856 , 1 
 54.083 , 5174.1905 , 1 
 69.083 , 5235.5429 , 1 
 84.083 , 5337.9212 , 1 
 99.083 , 5331.8841 , 1 
 114.083 , 5379.564 , 1 
 129.866 , 5411.8692 , 1 
 144.083 , 5442.8811 , 1 
 159.083 , 5480.0244 , 1 
 174.083 , 5498.2817 , 1 
 189.083 , 5517.23 , 1 
 204.083 , 5534.8371 , 1 
 219.083 , 5563.9785 , 1 
 240 , 5545.6774 , 1 
 255 , 5535.5145 , 1 
 270 , 5554.4879 , 1 
 285 , 5559.2329 , 1 
 300 , 5570.759 , 1 
 315 , 5573.4715 , 1 
 330 , 5582.9664 , 1 
 345 , 5591.7848 , 1 
 360 , 5595.8552 , 1 
 375 , 5602.6399 , 1 
